0 133245 7261
1 139229 7261
2 109234 6573
3 141010 8046
4 141309 6754
5 129605 4166
6 88140 3807
7 88446 3868
8 88111 3806
9 88248 3878
10 88938 5609
11 88682 3931
12 88942 3931
13 88083 4213
14 88855 3889
15 88535 3862
16 88372 4094
17 88237 4157
18 89133 3841
19 142003 3912
20 88066 3865
21 88081 3832
22 88028 3853
23 88125 3851
24 88094 3895
25 88180 3875
26 109713 3834
27 87999 3865
28 88127 3877
29 88062 3931
30 88013 3876
31 88068 3869
32 88047 3899
33 88112 3899
34 88100 3870
35 88040 3834
36 88095 3910
37 87999 3849
38 88125 3910
39 88066 3834
40 88068 3883
41 88154 3802
42 88004 3906
43 88094 3865
44 88064 3872
45 88072 3874
46 88123 3821
47 88102 3923
48 87996 3870
49 88096 3922
50 88101 3832
51 87998 3874
52 87954 3827
53 88001 3878
54 88052 3872
55 88051 3830
56 101896 3973
57 87971 3822
58 87925 3828
59 88085 3828
60 87988 3865
61 88027 3819
62 88060 3836
63 87960 3923
64 88027 3829
65 88015 3828
66 88041 3836
67 88032 3832
68 87950 3823
69 87990 3823
70 88026 3870
71 87971 3819
72 88042 3830
73 88042 3828
74 88030 3874
75 87969 3832
76 87992 3834
77 87999 3819
78 87939 3861
79 88042 3825
80 88044 3875
81 87962 3861
82 88055 3794
83 88047 3789
84 88053 3823
85 87997 3914
86 88017 3827
87 88117 3836
88 88024 3830
89 87962 3842
90 88001 3823
91 87969 3828
92 88045 3827
93 88049 3830
94 85875 3708
95 83207 3610
96 83065 3670
97 83105 3626
98 83110 3606
99 83151 3682
