0 30181 18466
1 16534 16065
2 15504 15037
3 14671 14810
4 14452 14294
5 14759 14745
6 13912 14877
7 14471 15013
8 14475 15092
9 15104 15149
10 14636 15199
11 15304 17154
12 13874 7968
13 8905 7898
14 8932 7797
15 8876 7730
16 8820 7764
17 8956 7711
18 8924 7732
19 8774 7660
20 8994 7789
21 8919 7682
22 8799 7735
23 8862 7735
24 8813 7743
25 8951 7841
26 13866 14483
27 14342 14844
28 13899 15183
29 41768 11759
30 10802 11701
31 10719 12048
32 10743 11873
33 10879 11789
34 11689 11664
35 11149 12356
36 10660 10916
37 11027 11553
38 11154 11392
39 6934 6037
40 6805 5997
41 6879 5928
42 6788 5988
43 6769 6007
44 6868 5894
45 6927 5954
46 6788 5980
47 6765 5969
48 7016 5942
49 6796 5906
50 6807 6009
51 6866 5999
52 6771 6039
53 6782 5959
54 6760 5952
55 7170 5919
56 6672 6183
57 6741 5909
58 6856 6208
59 6745 5938
60 6823 5927
61 7269 6297
62 6834 5910
63 6927 5938
64 6789 6045
65 6685 6092
66 7001 6102
67 7037 5885
68 6854 6140
69 6879 5978
70 6947 6020
71 7457 6252
72 6775 6003
73 6837 6086
74 6982 5969
75 7653 6081
76 6883 5963
77 6818 6846
78 7383 6069
79 6900 6142
80 6712 6022
81 7001 6708
82 7189 6046
83 7008 6022
84 6830 5917
85 6847 6107
86 7026 5910
87 6814 5918
88 6752 5902
89 7103 5855
90 6748 5937
91 7014 6237
92 7408 6410
93 7678 6535
94 6940 6653
95 6758 5911
96 7020 5950
97 6764 5977
98 6784 5860
99 6942 6165
