0 131860 11738
1 124945 6118
2 117670 11566
3 141638 11400
4 142008 9492
5 81641 5628
6 81305 5598
7 81377 5572
8 104004 5669
9 81510 5578
10 81205 5555
11 81097 5578
12 81298 5588
13 81301 5619
14 81187 5570
15 81226 5582
16 81161 5576
17 81139 5593
18 81160 5609
19 81290 5579
20 81215 5569
21 81205 5570
22 81257 5529
23 81283 5559
24 81287 5592
25 81346 5593
26 81209 5535
27 81238 5574
28 81268 5556
29 81176 5578
30 81071 5541
31 81185 5561
32 81243 5587
33 81245 5562
34 81212 5574
35 81117 5593
36 81211 5557
37 81179 5589
38 81267 5546
39 81219 5563
40 81201 5545
41 81145 5583
42 81188 5568
43 81247 5575
44 81153 5515
45 81342 5615
46 81089 5537
47 81156 5584
48 81275 5575
49 81225 5563
50 81191 5545
51 94698 5733
52 81210 5602
53 81414 5565
54 81323 5542
55 81314 5517
56 81365 5591
57 81377 5597
58 81138 5567
59 81198 5551
60 81163 5636
61 81299 5560
62 81257 5583
63 81345 5593
64 81163 5539
65 81245 5585
66 81267 5559
67 81205 5564
68 81245 5575
69 81261 5559
70 81311 5567
71 81345 5556
72 81174 5584
73 81249 5575
74 81194 5589
75 81182 5530
76 81214 5570
77 81275 5597
78 81236 5571
79 81151 5554
80 81247 5631
81 81145 5600
82 81183 5553
83 81207 5583
84 81254 5564
85 81080 5551
86 81078 5563
87 81156 5597
88 81187 5572
89 81624 5555
90 81160 5653
91 81292 5610
92 81225 5506
93 81291 5566
94 81276 12975
95 89025 5665
96 81194 5638
97 81241 5530
98 81315 5588
99 81265 5568
