0 1347 5690
1 1871 6330
2 1842 6281
3 1794 6395
4 1893 6680
5 1948 6363
6 1915 6883
7 1882 6312
8 1908 5867
9 1159 3704
10 1159 3598
11 1193 3599
12 1979 6557
13 2017 6398
14 1962 6501
15 1987 6401
16 1940 6765
17 2007 6254
18 1990 6301
19 2034 6359
20 1951 6425
21 1976 6537
22 2001 6896
23 2011 6627
24 1950 6347
25 1886 4720
26 1193 3620
27 1191 3548
28 1196 3574
29 1259 3561
30 1185 3559
31 1192 3575
32 1194 3597
33 1158 3626
34 1193 3593
35 1151 3552
36 1169 3571
37 1193 3559
38 1191 3575
39 1189 3566
40 1195 3544
41 1192 3562
42 1239 3564
43 1185 3581
44 1161 3599
45 1225 3594
46 1185 3543
47 1167 3559
48 1160 3550
49 1225 3548
50 1160 3599
51 1224 3532
52 1225 3544
53 1230 3551
54 1189 3537
55 1160 3572
56 1191 3562
57 1188 3556
58 1187 3579
59 1214 3575
60 1224 3559
61 1223 3555
62 1194 3580
63 1213 3561
64 1212 3536
65 1205 3558
66 1169 3553
67 1214 3550
68 1158 3588
69 1229 3542
70 1214 3548
71 1212 3554
72 1167 3521
73 1213 3552
74 1182 3559
75 1172 3589
76 1169 3586
77 1172 3579
78 1210 3553
79 1161 3590
80 1155 3563
81 1151 3594
82 1200 3543
83 1189 3553
84 1167 3588
85 1239 3546
86 1171 3544
87 1196 3580
88 1152 3573
89 1156 3601
90 1170 3549
91 1167 3556
92 1167 3544
93 1212 3592
94 1214 3556
95 1171 3542
96 1169 3548
97 1212 3541
98 1169 3584
99 1211 3558
